328 1425 1306 1105 1499 1957 1611 1065 1682 1500 1768 1323 1867 1246 1712 2030 1749 762 1892 1588 2011 1187 2140 1485 2005 1831 2238 1369 2232 1339 2267 1158 2818 1589 3551 1212 1
330 1423 1307 1102 1500 1956 1615 1064 1684 1498 1771 1321 1872 1245 1714 2029 1753 758 1895 1586 2015 1185 2143 1483 2009 1830 2241 1366 2237 1337 2271 1156 2823 1587 3566 1204 2
328 1425 1298 1107 1495 1957 1606 1071 1676 1499 1764 1325 1865 1249 1707 2029 1740 767 1883 1589 2002 1191 2129 1487 1999 1834 2225 1370 2222 1342 2256 1162 2809 1589 3526 1211 3
329 1426 1298 1107 1497 1956 1608 1073 1676 1499 1764 1325 1866 1250 1707 2029 1741 767 1887 1588 2007 1190 2134 1485 2004 1834 2225 1370 2227 1341 2262 1160 2838 1579 3541 1225 4
329 1424 1299 1103 1498 1954 1612 1071 1680 1494 1767 1323 1869 1248 1708 2027 1744 764 1889 1585 2010 1187 2133 1484 2007 1832 2231 1363 2230 1337 2261 1160 2848 1574 3614 1179 5
331 1425 1296 1105 1498 1953 1610 1075 1676 1495 1764 1325 1866 1250 1705 2027 1740 766 1885 1586 2006 1189 2128 1486 2000 1835 2227 1365 2222 1342 2256 1162 2841 1574 3671 1139 6
330 1428 1293 1106 1498 1953 1611 1076 1673 1496 1761 1327 1869 1253 1701 2027 1736 769 1882 1588 2002 1192 2128 1486 1998 1838 2222 1367 2222 1342 2256 1162 2840 1574 3722 1102 7
333 1427 1295 1104 1502 1952 1619 1073 1679 1492 1768 1324 1878 1250 1703 2026 1744 764 1889 1585 2007 1190 2132 1484 2003 1837 2230 1362 2227 1340 2262 1160 2847 1572 3794 1057 8
333 1430 1292 1106 1500 1953 1618 1077 1672 1495 1767 1328 1872 1256 1697 2027 1741 767 1885 1586 2004 1193 2128 1486 1998 1841 2222 1367 2222 1342 2258 1164 2835 1576 3841 1023 9
334 1434 1290 1108 1501 1953 1616 1081 1672 1495 1765 1331 1874 1257 1696 2026 1738 771 1883 1588 2005 1194 2125 1488 1995 1844 2213 1371 2223 1343 2254 1167 2840 1574 3900 985 10
336 1434 1292 1105 1503 1952 1624 1077 1675 1493 1742 1345 1878 1256 1698 2023 1742 768 1885 1586 2010 1192 2132 1484 2000 1843 2212 1370 2227 1341 2259 1165 2839 1573 3970 940 11
337 1437 1286 1109 1503 1952 1623 1082 1672 1495 1740 1348 1876 1260 1696 2022 1738 771 1882 1588 2006 1195 2128 1486 1998 1846 2195 1378 2223 1343 2254 1168 2827 1577 4011 908 12
338 1442 1283 1111 1501 1953 1621 1085 1672 1495 1742 1350 1874 1264 1697 2020 1739 772 1882 1588 2007 1196 2128 1486 1999 1847 2186 1383 2224 1343 2256 1169 2828 1577 4065 871 13
342 1440 1286 1105 1507 1950 1628 1081 1677 1490 1749 1347 1886 1258 1703 2016 1748 761 1887 1584 2015 1191 2131 1482 2008 1842 2194 1377 2232 1338 2264 1163 2849 1568 4131 828 14
345 1441 1282 1109 1502 1952 1626 1085 1671 1494 1749 1351 1885 1262 1699 2016 1745 765 1884 1585 2012 1195 2127 1484 2009 1844 2186 1382 2227 1341 2261 1167 2844 1570 4164 798 15
348 1443 1279 1111 1503 1952 1628 1087 1665 1497 1748 1356 1886 1263 1699 2015 1746 765 1881 1587 2013 1196 2123 1486 2010 1844 2186 1383 2228 1341 2262 1168 2844 1570 4201 769 16
352 1442 1283 1106 1510 1949 1636 1083 1661 1498 1757 1354 1891 1262 1700 2012 1754 759 1886 1582 2023 1192 2126 1483 2016 1842 2195 1378 2237 1337 2272 1164 2855 1565 4261 729 17
355 1443 1279 1107 1509 1949 1634 1087 1650 1505 1756 1358 1888 1266 1693 2012 1750 762 1879 1585 2016 1198 2117 1487 2013 1843 2191 1381 2232 1339 2264 1170 2849 1567 4275 709 18
358 1444 1282 1105 1512 1948 1639 1086 1645 1509 1763 1359 1890 1267 1689 2012 1751 763 1876 1587 2018 1200 2117 1487 2014 1844 2193 1382 2234 1340 2270 1169 2849 1568 4302 685 19
362 1442 1286 1099 1516 1946 1647 1083 1643 1511 1773 1359 1895 1266 1690 2010 1759 757 1875 1586 2023 1199 2121 1484 2017 1843 2197 1381 2238 1338 2276 1167 2855 1566 4331 661 20
364 1442 1282 1101 1515 1946 1648 1084 1637 1515 1772 1363 1889 1272 1688 2008 1755 760 1867 1588 2020 1202 2115 1485 2014 1844 2197 1381 2238 1338 2273 1171 2849 1567 4332 646 21
367 1443 1282 1101 1518 1945 1654 1084 1642 1515 1773 1369 1892 1274 1689 2005 1760 758 1867 1587 2023 1204 2124 1482 2019 1844 2203 1380 2239 1339 2275 1173 2856 1566 4349 628 22
370 1440 1280 1099 1519 1943 1656 1081 1648 1511 1772 1373 1894 1271 1690 2000 1762 753 1870 1581 2026 1201 2129 1475 2020 1840 2210 1374 2247 1333 2279 1170 2859 1561 4350 611 23
372 1440 1275 1103 1519 1943 1658 1082 1652 1511 1770 1380 1893 1275 1686 2000 1762 754 1869 1580 2024 1205 2129 1475 2017 1842 2207 1377 2243 1336 2277 1175 2853 1564 4328 608 24
372 1441 1270 1103 1517 1941 1655 1085 1653 1512 1768 1384 1893 1276 1683 1997 1762 753 1873 1575 2024 1205 2131 1472 2015 1841 2206 1376 2242 1336 2277 1175 2857 1560 4306 605 25
376 1440 1273 1101 1522 1939 1664 1082 1667 1508 1777 1383 1902 1273 1689 1992 1770 748 1887 1569 2034 1203 2136 1470 2022 1839 2212 1376 2252 1332 2285 1176 2870 1557 4299 599 26
376 1440 1266 1103 1518 1939 1661 1085 1668 1509 1775 1385 1899 1276 1688 1988 1766 751 1885 1567 2031 1206 2127 1473 2018 1838 2207 1378 2243 1336 2282 1180 2875 1554 4253 606 27
376 1443 1263 1105 1514 1939 1660 1089 1668 1513 1778 1388 1901 1278 1689 1986 1764 755 1882 1569 2032 1207 2119 1477 2010 1840 2200 1383 2239 1339 2280 1185 2876 1554 4209 616 28
377 1442 1267 1099 1517 1935 1671 1083 1672 1513 1789 1383 1909 1274 1695 1979 1771 749 1888 1565 2041 1203 2126 1472 2015 1836 2205 1382 2248 1335 2287 1184 2893 1548 4178 619 29
376 1443 1261 1099 1512 1933 1667 1085 1667 1517 1785 1385 1909 1274 1694 1974 1769 747 1879 1566 2036 1205 2120 1472 2009 1834 2196 1385 2238 1338 2283 1188 2891 1546 4097 641 30
374 1446 1256 1103 1505 1933 1665 1089 1657 1525 1784 1389 1903 1280 1688 1972 1766 751 1869 1571 2034 1209 2111 1475 2001 1836 2193 1389 2234 1341 2281 1193 2885 1548 4034 661 31
375 1443 1260 1098 1504 1929 1672 1084 1658 1526 1788 1388 1907 1277 1687 1967 1773 743 1867 1569 2038 1206 2117 1470 2002 1832 2198 1387 2242 1336 2292 1189 2889 1545 3981 674 32
375 1443 1261 1094 1502 1927 1670 1088 1658 1529 1785 1390 1904 1280 1678 1966 1769 747 1859 1571 2030 1212 2112 1470 1997 1832 2199 1388 2238 1338 2299 1188 2889 1544 3898 702 33
373 1445 1260 1093 1499 1924 1670 1088 1654 1534 1782 1392 1897 1285 1669 1964 1765 749 1853 1570 2027 1215 2106 1470 1994 1830 2196 1392 2233 1340 2304 1186 2888 1543 3807 733 34
374 1442 1268 1083 1507 1916 1676 1083 1662 1534 1788 1388 1901 1283 1675 1956 1772 742 1861 1564 2032 1213 2108 1466 2002 1824 2205 1388 2241 1334 2319 1180 2905 1536 3740 754 35
373 1442 1267 1082 1506 1912 1674 1086 1659 1539 1785 1390 1894 1288 1673 1951 1768 745 1860 1563 2024 1218 2106 1465 1999 1821 2206 1389 2240 1334 2321 1181 2904 1535 3636 793 36
372 1443 1264 1084 1505 1908 1671 1089 1656 1545 1782 1392 1891 1291 1672 1946 1763 748 1862 1560 2021 1221 2105 1463 2000 1817 2202 1391 2235 1335 2318 1185 2904 1535 3537 830 37
374 1441 1264 1084 1507 1904 1676 1088 1660 1549 1786 1391 1896 1290 1673 1941 1772 742 1868 1556 2027 1221 2117 1458 2005 1813 2213 1389 2241 1334 2325 1185 2916 1531 3452 863 38
373 1441 1257 1086 1500 1900 1676 1088 1656 1554 1782 1392 1896 1290 1666 1937 1770 741 1866 1553 2026 1220 2120 1455 2001 1810 2212 1388 2240 1333 2316 1191 2909 1532 3344 905 39
372 1444 1250 1093 1495 1899 1674 1092 1654 1560 1776 1397 1894 1293 1661 1936 1768 745 1855 1558 2024 1224 2121 1456 1996 1809 2205 1394 2237 1337 2306 1202 2904 1535 3243 947 40
373 1442 1246 1093 1494 1895 1677 1089 1665 1558 1779 1394 1900 1288 1662 1930 1770 741 1852 1555 2032 1219 2132 1449 1993 1807 2210 1392 2244 1331 2306 1203 2908 1531 3153 982 41
373 1443 1237 1098 1491 1892 1674 1091 1669 1561 1775 1396 1897 1290 1661 1926 1769 740 1840 1558 2028 1221 2127 1450 1987 1805 2202 1397 2239 1333 2308 1204 2901 1532 3038 1029 42
373 1446 1231 1102 1491 1889 1668 1097 1670 1567 1769 1400 1894 1293 1660 1922 1766 743 1823 1565 2024 1224 2119 1454 1983 1806 2195 1403 2231 1338 2311 1206 2901 1532 2931 1074 43
374 1448 1233 1099 1493 1885 1676 1094 1677 1569 1769 1400 1898 1291 1662 1917 1770 741 1827 1564 2029 1222 2119 1454 1991 1800 2196 1404 2236 1336 2323 1204 2913 1528 2837 1114 44
375 1450 1229 1100 1488 1883 1673 1097 1677 1573 1766 1402 1891 1296 1660 1914 1766 744 1829 1561 2021 1227 2107 1460 1990 1799 2189 1409 2227 1341 2321 1210 2907 1531 2729 1161 45
375 1452 1223 1103 1482 1883 1671 1100 1688 1571 1763 1404 1887 1298 1651 1913 1766 744 1824 1561 2017 1230 2096 1466 1991 1796 2186 1413 2224 1343 2320 1215 2907 1531 2622 1209 46
377 1454 1222 1102 1477 1882 1676 1099 1697 1571 1766 1402 1887 1298 1643 1912 1766 744 1820 1562 2017 1230 2092 1468 1993 1793 2188 1414 2224 1344 2322 1217 2914 1529 2619 1214 47
376 1457 1219 1103 1468 1882 1676 1100 1705 1570 1763 1403 1880 1302 1634 1911 1766 743 1812 1564 2009 1234 2088 1470 1987 1792 2189 1415 2220 1346 2310 1227 2908 1531 2621 1215 48
377 1460 1218 1102 1466 1881 1678 1101 1708 1573 1763 1403 1877 1304 1632 1909 1762 747 1808 1565 2009 1234 2089 1471 1979 1793 2190 1416 2221 1347 2303 1234 2908 1531 2622 1216 49
379 1462 1217 1101 1464 1878 1678 1101 1710 1575 1759 1405 1876 1304 1635 1904 1762 747 1805 1566 2005 1236 2089 1471 1969 1793 2192 1418 2216 1349 2300 1238 2902 1533 2624 1218 50
381 1463 1213 1102 1467 1875 1679 1102 1713 1578 1752 1408 1872 1306 1638 1901 1758 750 1804 1565 2005 1236 2090 1472 1961 1793 2189 1421 2217 1350 2302 1240 2896 1536 2620 1222 51
382 1466 1208 1106 1467 1875 1677 1106 1711 1584 1746 1412 1870 1309 1638 1898 1755 753 1801 1567 2002 1239 2087 1475 1956 1793 2187 1425 2213 1353 2305 1242 2891 1538 2611 1229 52
384 1467 1207 1105 1471 1873 1678 1107 1708 1590 1742 1413 1873 1306 1639 1895 1758 750 1807 1563 2005 1237 2088 1476 1957 1790 2188 1426 2214 1353 2311 1242 2897 1536 2612 1231 53
387 1468 1204 1106 1471 1873 1680 1108 1707 1597 1739 1415 1874 1307 1635 1895 1759 751 1808 1565 2006 1237 2086 1480 1956 1789 2182 1433 2215 1354 2309 1247 2898 1537 2604 1239 54
390 1469 1199 1110 1468 1874 1678 1112 1701 1605 1733 1419 1871 1310 1628 1895 1756 755 1801 1572 2003 1240 2077 1487 1951 1789 2176 1439 2208 1360 2304 1255 2892 1540 2596 1246 55
393 1470 1197 1112 1464 1876 1677 1117 1697 1613 1730 1421 1869 1313 1620 1897 1757 755 1710 1617 2000 1244 2071 1493 1947 1789 2170 1445 2208 1360 2297 1262 2900 1539 2588 1254 56
396 1470 1192 1116 1459 1877 1678 1118 1694 1619 1729 1421 1869 1314 1610 1898 1757 755 1704 1624 2001 1244 2069 1496 1940 1791 2168 1449 2205 1363 2291 1270 2900 1539 2585 1260 57
397 1471 1188 1117 1454 1879 1676 1121 1685 1627 1729 1420 1866 1316 1599 1900 1757 755 1696 1633 1998 1247 2064 1502 1929 1794 2167 1453 2200 1365 2284 1277 2900 1539 2582 1264 58
399 1473 1190 1115 1453 1880 1677 1122 1677 1636 1729 1420 1863 1319 1592 1901 1757 755 1685 1643 1994 1250 2063 1506 1922 1796 2165 1458 2197 1368 2292 1277 2901 1540 2580 1270 59
398 1475 1190 1114 1451 1882 1675 1126 1671 1642 1726 1422 1857 1324 1586 1901 1753 758 1678 1649 1987 1255 2058 1512 1916 1798 2159 1463 2188 1372 2294 1280 2901 1540 2576 1274 60
398 1476 1187 1116 1449 1883 1673 1129 1667 1647 1720 1426 1851 1328 1582 1902 1749 762 1674 1653 1980 1261 2049 1521 1910 1801 2153 1470 2180 1377 2297 1283 2889 1544 2568 1281 61
400 1476 1187 1116 1450 1884 1672 1134 1664 1652 1717 1428 1849 1332 1579 1902 1746 765 1670 1658 1978 1264 2045 1527 1912 1803 2156 1472 2173 1382 2300 1286 2884 1547 2566 1287 62
401 1475 1189 1113 1453 1884 1676 1132 1662 1654 1717 1427 1849 1332 1581 1901 1750 762 1671 1659 1978 1265 2041 1533 1916 1803 2162 1472 2177 1380 2302 1288 2889 1545 2574 1287 63
401 1477 1186 1119 1453 1887 1679 1135 1656 1661 1712 1432 1848 1337 1583 1902 1752 764 1666 1666 1977 1269 2034 1543 1919 1806 2161 1477 2176 1385 2294 1299 2886 1549 2578 1291 64
401 1477 1185 1118 1454 1887 1680 1136 1660 1660 1707 1433 1848 1337 1587 1899 1751 763 1676 1663 1977 1269 2033 1547 1923 1805 2162 1478 2175 1384 2286 1305 2884 1547 2580 1292 65
402 1476 1186 1119 1455 1889 1683 1138 1670 1662 1706 1436 1850 1338 1593 1898 1753 765 1683 1666 1979 1271 2037 1551 1929 1807 2161 1483 2176 1385 2276 1315 2880 1551 2578 1298 66
401 1477 1182 1123 1456 1890 1681 1142 1677 1664 1703 1438 1848 1341 1598 1897 1750 769 1687 1669 1977 1275 2037 1556 1930 1808 2160 1488 2173 1388 2269 1323 2874 1553 2570 1306 67
400 1478 1180 1122 1456 1890 1681 1142 1679 1666 1700 1439 1847 1341 1605 1893 1748 767 1693 1671 1976 1274 2035 1560 1930 1808 2154 1493 2172 1387 2275 1321 2872 1551 2561 1312 68
403 1477 1182 1124 1463 1890 1684 1145 1686 1669 1704 1439 1852 1341 1619 1889 1750 769 1701 1675 1982 1273 2032 1567 1935 1809 2150 1500 2178 1387 2288 1321 2874 1553 2555 1321 69
401 1477 1178 1124 1462 1889 1680 1147 1682 1673 1703 1438 1848 1341 1623 1886 1744 770 1699 1677 1977 1275 2026 1572 1928 1810 2138 1506 2173 1388 2288 1321 2871 1550 2545 1327 70
401 1479 1176 1126 1463 1890 1679 1151 1682 1677 1700 1440 1845 1344 1628 1885 1744 770 1701 1678 1973 1277 2022 1578 1923 1814 2132 1512 2173 1388 2286 1325 2870 1550 2538 1334 71
403 1479 1177 1127 1467 1890 1681 1153 1694 1676 1704 1439 1849 1343 1635 1884 1749 768 1713 1678 1978 1276 2028 1584 1918 1818 2140 1513 2175 1390 2289 1328 2877 1548 2546 1335 72
403 1480 1174 1129 1464 1891 1682 1154 1696 1678 1697 1442 1842 1347 1632 1885 1744 770 1722 1678 1974 1278 2033 1588 1909 1822 2142 1515 2175 1390 2277 1336 2876 1547 2549 1337 73
404 1483 1176 1130 1466 1893 1685 1156 1703 1680 1695 1445 1840 1350 1631 1888 1745 771 1729 1680 1972 1282 2029 1584 1909 1826 2151 1518 2177 1391 2180 1395 2877 1548 2559 1339 74
404 1484 1176 1130 1467 1894 1693 1153 1708 1681 1695 1445 1843 1348 1629 1889 1748 767 1738 1686 1972 1281 2038 1583 1911 1828 2161 1516 2177 1391 2184 1392 2882 1545 2572 1337 75
404 1486 1177 1131 1468 1895 1694 1155 1711 1684 1693 1447 1837 1352 1622 1893 1749 768 1750 1692 1968 1284 2034 1589 1910 1831 2164 1519 2178 1393 2181 1396 2876 1548 2576 1340 76
404 1487 1177 1131 1468 1895 1695 1155 1710 1688 1689 1448 1836 1352 1617 1895 1747 767 1748 1698 1968 1284 2031 1592 1912 1833 2166 1521 2178 1393 2181 1396 2881 1544 2578 1342 77
406 1487 1177 1131 1472 1895 1703 1152 1708 1693 1692 1446 1840 1350 1623 1894 1747 767 1749 1704 1968 1284 2193 1518 1918 1834 2168 1523 2178 1393 2186 1394 2880 1543 2580 1345 78
406 1487 1174 1133 1474 1895 1703 1152 1704 1698 1689 1448 1835 1351 1627 1893 1746 765 1758 1704 1967 1282 2028 1599 1916 1837 2162 1529 2178 1393 2182 1396 2878 1541 2571 1351 79
407 1488 1175 1134 1480 1894 1708 1151 1701 1703 1692 1446 1839 1349 1637 1893 1750 762 1771 1704 1971 1281 2185 1527 1925 1837 2165 1531 2183 1392 2191 1393 2884 1539 2575 1355 80
408 1490 1179 1133 1486 1894 1716 1148 1707 1704 1700 1444 1847 1346 1648 1893 1759 757 1782 1706 1979 1277 2041 1601 1938 1836 2172 1532 2194 1389 2201 1390 2896 1536 2590 1354 81
410 1489 1177 1135 1489 1893 1713 1150 1715 1704 1699 1444 1847 1346 1650 1895 1753 758 1783 1711 1975 1279 2189 1537 1942 1836 2177 1532 2196 1386 2200 1389 2894 1534 2591 1355 82
410 1493 1175 1142 1490 1894 1712 1155 1725 1705 1694 1448 1841 1351 1651 1900 1751 763 1780 1721 1972 1282 2045 1605 1944 1838 2177 1537 2194 1390 2197 1393 2889 1536 2590 1361 83
412 1491 1177 1140 1498 1892 1716 1153 1741 1701 1700 1445 1847 1346 1658 1899 1757 755 1790 1722 1978 1276 2202 1538 1951 1836 2186 1534 2201 1384 2205 1387 2898 1530 2608 1356 84
415 1492 1179 1141 1502 1893 1718 1155 1751 1702 1702 1446 1848 1347 1665 1902 1757 756 1806 1720 1980 1277 2056 1605 1954 1839 2194 1536 2203 1386 2206 1389 2898 1530 2612 1360 85
415 1492 1181 1139 1503 1891 1718 1155 1756 1702 1697 1447 1847 1346 1672 1902 1755 754 1817 1718 1978 1276 2057 1606 1951 1840 2195 1537 2205 1382 2208 1385 2901 1524 2613 1361 86
417 1492 1187 1137 1505 1893 1723 1154 1759 1705 1699 1448 1848 1347 1681 1903 1759 751 1830 1718 1979 1277 2061 1610 1943 1846 2194 1542 2210 1380 2213 1383 2906 1521 2611 1367 87
418 1491 1193 1134 1506 1894 1731 1151 1761 1707 1702 1446 1852 1345 1692 1903 1763 747 1838 1720 1987 1272 2056 1615 1942 1849 2197 1544 2214 1378 2221 1379 2916 1515 2614 1369 88
418 1491 1190 1136 1504 1895 1731 1151 1760 1710 1699 1448 1848 1347 1694 1906 1757 749 1837 1724 1982 1274 2053 1618 1934 1853 2194 1547 2212 1376 2215 1379 2918 1509 2610 1373 89
419 1492 1195 1136 1507 1898 1736 1151 1767 1713 1704 1448 1853 1347 1702 1909 1762 747 1838 1730 1988 1274 2059 1618 1934 1858 2203 1550 2218 1375 2221 1378 2925 1508 2621 1375 90
420 1491 1198 1135 1511 1898 1737 1151 1776 1713 1707 1446 1853 1347 1702 1913 1761 746 1831 1736 1988 1274 2061 1620 1937 1861 2209 1551 2217 1375 2220 1378 2923 1506 2629 1376 91
421 1492 1200 1136 1513 1900 1742 1151 1789 1713 1708 1447 1854 1348 1700 1918 1765 743 1832 1741 1989 1275 2071 1619 1944 1863 2221 1550 2217 1375 2224 1375 2929 1503 2644 1375 92
420 1493 1201 1138 1514 1904 1745 1153 1796 1715 1709 1448 1855 1349 1699 1924 1766 743 1830 1747 1990 1276 2081 1618 1948 1867 2228 1551 2218 1375 2225 1376 2929 1504 2654 1376 93
420 1493 1202 1139 1516 1906 1745 1153 1802 1716 1712 1447 1855 1349 1702 1927 1765 743 1840 1748 1990 1276 2084 1621 1955 1869 2230 1553 2221 1372 2229 1373 2934 1500 2662 1377 94
420 1493 1203 1140 1518 1908 1750 1152 1806 1720 1716 1445 1857 1350 1707 1931 1768 739 1850 1749 1992 1277 2083 1625 1958 1872 2234 1556 2225 1370 2233 1371 2939 1498 2665 1379 95
419 1492 1205 1141 1516 1913 1751 1153 1806 1724 1716 1446 1857 1350 1714 1935 1767 738 1868 1744 1992 1278 2081 1629 1958 1876 2231 1560 2229 1367 2232 1370 2938 1496 2656 1386 96
419 1492 1204 1145 1522 1915 1753 1155 1806 1729 1717 1446 1858 1352 1719 1939 1768 739 1879 1742 1994 1279 2076 1634 1956 1882 2230 1565 2230 1368 2232 1370 2938 1496 2660 1390 97
420 1491 1208 1144 1535 1911 1754 1156 1809 1732 1721 1446 1863 1350 1726 1943 1767 738 1890 1740 1999 1278 2075 1638 1959 1885 2237 1565 2234 1366 2237 1369 2942 1492 2662 1392 98
421 1492 1210 1146 1542 1912 1756 1158 1813 1736 1719 1448 1864 1352 1728 1948 1768 739 1893 1742 2000 1279 2085 1642 1959 1890 2235 1569 2230 1368 2237 1369 2942 1492 2665 1395 99
422 1491 1212 1148 1550 1913 1761 1157 1826 1735 1720 1449 1866 1353 1733 1953 1768 739 1895 1745 2002 1281 2086 1644 1963 1893 2242 1570 2230 1369 2238 1369 2942 1492 2674 1396 100
422 1491 1215 1150 1553 1916 1763 1159 1836 1736 1718 1452 1863 1356 1743 1956 1769 740 1895 1748 1999 1284 2096 1643 1967 1897 2250 1572 2231 1369 2239 1370 2942 1492 2678 1399 101
424 1491 1218 1150 1552 1921 1768 1158 1845 1736 1716 1455 1864 1357 1751 1960 1769 740 1887 1755 2001 1285 2102 1643 1968 1902 2252 1574 2232 1370 2235 1373 2941 1491 2686 1400 102
424 1491 1220 1151 1546 1928 1770 1160 1850 1740 1714 1458 1863 1361 1754 1966 1766 743 1880 1761 2002 1287 2101 1647 1963 1909 2256 1577 2228 1373 2231 1376 2935 1493 2685 1406 103
426 1492 1222 1153 1545 1934 1774 1158 1854 1744 1716 1459 1867 1360 1757 1972 1766 743 1876 1765 2004 1288 2104 1650 1964 1915 2259 1580 2229 1373 2232 1376 2934 1493 2688 1409 104
428 1492 1224 1155 1544 1938 1777 1161 1852 1751 1714 1462 1869 1361 1758 1980 1766 744 1872 1770 2005 1290 2104 1655 1965 1920 2258 1585 2229 1374 2233 1377 2928 1495 2687 1415 105
429 1493 1225 1156 1549 1940 1778 1162 1849 1757 1715 1463 1870 1362 1757 1986 1766 744 1874 1771 2006 1291 2099 1661 1969 1924 2252 1591 2230 1374 2233 1378 2921 1497 2679 1422 106
430 1494 1223 1162 1552 1943 1773 1168 1844 1765 1711 1469 1864 1367 1758 1991 1763 748 1875 1773 2000 1296 2095 1667 1974 1928 2247 1597 2223 1380 2230 1381 2903 1503 2677 1428 107
431 1495 1227 1162 1563 1944 1778 1168 1854 1766 1715 1468 1865 1369 1771 1992 1767 745 1885 1769 2001 1298 2106 1667 1985 1930 2259 1597 2228 1378 2231 1382 2903 1503 2685 1428 108
432 1496 1227 1166 1566 1947 1773 1174 1858 1769 1711 1473 1860 1374 1775 1996 1763 748 1886 1770 1995 1303 2114 1670 1986 1935 2262 1600 2220 1384 2228 1385 2885 1509 2683 1434 109
432 1500 1227 1170 1565 1953 1769 1181 1870 1772 1708 1479 1859 1378 1777 2001 1761 753 1885 1773 1990 1310 1969 1726 1988 1941 2104 1665 2218 1388 2221 1391 2874 1515 2688 1438 110
433 1500 1232 1170 1566 1957 1774 1180 1877 1774 1712 1479 1859 1379 1783 2004 1765 749 1888 1772 1990 1311 1968 1725 1992 1945 2107 1668 2219 1389 2223 1392 2874 1514 2702 1437 111
433 1502 1235 1170 1562 1962 1773 1185 1876 1778 1711 1482 1858 1382 1782 2009 1761 753 1883 1776 1988 1315 1971 1728 1989 1951 2108 1674 2217 1393 2220 1396 2874 1514 2699 1442 112
433 1503 1237 1171 1556 1969 1774 1186 1871 1781 1712 1483 1851 1387 1778 2016 1757 756 1877 1779 1985 1317 1971 1732 1983 1957 2104 1680 2209 1398 2217 1399 2867 1516 2697 1447 113
434 1503 1241 1171 1555 1974 1779 1185 1817 1816 1713 1484 1853 1388 1779 2021 1761 753 1872 1782 1987 1318 1972 1737 1986 1960 2105 1686 2211 1400 2215 1403 2867 1516 2689 1454 114
434 1505 1241 1175 1556 1978 1777 1189 1809 1821 1709 1489 1851 1391 1783 2024 1754 760 1866 1785 1985 1322 1896 1780 1989 1963 2099 1696 2205 1406 2209 1410 2861 1518 2681 1461 115
434 1506 1242 1176 1558 1980 1782 1188 1807 1823 1710 1491 1855 1390 1791 2024 1758 756 1866 1785 1985 1323 1893 1781 1997 1963 2099 1701 2203 1410 2206 1414 2860 1517 2688 1461 116
436 1506 1244 1178 1558 1983 1785 1190 1808 1823 1710 1495 1857 1392 1799 2026 1759 757 1864 1787 1987 1325 1893 1781 2004 1965 2103 1704 2202 1415 2205 1419 2861 1518 2692 1464 117
434 1508 1241 1183 1550 1988 1778 1196 1807 1827 1702 1501 1848 1399 1799 2029 1751 763 1854 1790 1980 1330 1886 1784 2000 1969 2102 1709 2187 1425 2190 1428 2849 1522 2688 1468 118
434 1508 1243 1185 1546 1993 1780 1197 1881 1807 1701 1505 1849 1400 1802 2032 1751 764 1854 1790 1982 1331 1883 1785 2003 1971 2110 1711 2189 1428 2193 1431 2849 1522 2691 1470 119
436 1508 1247 1185 1546 1996 1785 1197 1889 1811 1706 1505 1854 1400 1805 2035 1756 761 1858 1790 1987 1330 1887 1784 2006 1975 2125 1710 2193 1431 2196 1434 2855 1520 2700 1471 120
434 1510 1241 1192 1543 1999 1776 1204 1885 1816 1701 1509 1847 1403 1799 2039 1747 767 1847 1793 1976 1337 1877 1787 1995 1980 2117 1717 2186 1436 2189 1439 2836 1525 2684 1479 121
434 1512 1244 1195 1547 2003 1779 1207 1887 1821 1705 1512 1847 1408 1794 2045 1750 769 1849 1794 1979 1340 1878 1788 1993 1986 2118 1723 2194 1438 2198 1442 2839 1527 2683 1485 122
436 1508 1253 1190 1555 2004 1790 1201 1890 1824 1711 1510 1854 1405 1802 2045 1756 762 1854 1790 1987 1336 1883 1785 1998 1987 2125 1725 2209 1434 2212 1437 2849 1522 2691 1485 123
434 1511 1250 1196 1551 2009 1784 1206 1881 1832 1709 1512 1848 1409 1801 2048 1748 767 1850 1791 1980 1341 1876 1786 1994 1991 2113 1734 2207 1438 2211 1442 2837 1526 2681 1490 124
432 1512 1251 1197 1557 2015 1789 1205 1882 1837 1709 1512 1849 1410 1803 2050 1748 767 1849 1790 1981 1341 1878 1784 1997 1994 2110 1740 2210 1440 2213 1444 2842 1523 2678 1495 125
434 1510 1260 1193 1562 2020 1797 1202 1889 1840 1711 1514 1853 1409 1811 2051 1752 764 1854 1787 1983 1343 1884 1781 2002 1995 2120 1740 2213 1443 2217 1447 2848 1521 2685 1494 126
432 1514 1255 1200 1558 2025 1788 1210 1885 1845 1700 1522 1841 1418 1805 2056 1737 777 1844 1790 1969 1353 1873 1784 1996 2001 2116 1746 2194 1456 2198 1460 2831 1528 2666 1505 127
432 1512 1257 1199 1569 2026 1795 1205 1897 1843 1700 1522 1842 1418 1810 2057 1743 769 1849 1786 1973 1351 1878 1780 2004 2001 2130 1744 2201 1456 2204 1459 2835 1524 2678 1502 128
434 1510 1264 1197 1579 2030 1804 1203 1907 1845 1703 1524 1847 1419 1819 2059 1752 764 1856 1784 1980 1352 1885 1778 2012 2004 2141 1745 2204 1459 2208 1462 2842 1523 2693 1501 129
431 1513 1258 1204 1574 2038 1794 1210 1900 1850 1695 1530 1839 1425 1816 2063 1740 773 1848 1785 1969 1358 1875 1781 2011 2007 2133 1752 2198 1465 2205 1466 2830 1527 2683 1507 130
431 1513 1262 1203 1578 2044 1802 1206 1903 1853 1696 1531 1843 1425 1822 2064 1743 769 1847 1784 1974 1357 1877 1779 2017 2009 2136 1755 2214 1462 2221 1463 2841 1522 2695 1504 131
433 1510 1267 1200 1583 2049 1810 1203 1906 1856 1703 1529 1851 1422 1830 2065 1751 763 1852 1780 1983 1355 1882 1775 2027 2010 2139 1758 2233 1456 2240 1457 2852 1518 2708 1501 132
430 1512 1261 1206 1574 2058 1796 1212 1889 1864 1689 1538 1841 1428 1819 2072 1737 771 1840 1782 1972 1361 1870 1777 2016 2016 2119 1768 2222 1464 2230 1465 2833 1522 2687 1510 133
430 1512 1264 1205 1580 2061 1800 1210 1895 1866 1691 1539 1849 1425 1824 2073 1740 767 1842 1779 1981 1358 1872 1774 2022 2017 2126 1770 2229 1465 2236 1466 2839 1520 2694 1510 134
433 1509 1276 1199 1591 2065 1809 1208 1911 1864 1693 1541 1861 1421 1833 2074 1752 758 1847 1775 1994 1354 1877 1770 2032 2019 2145 1769 2241 1464 2249 1465 2857 1515 2708 1509 135
431 1511 1269 1206 1593 2070 1803 1213 1910 1868 1683 1549 1854 1425 1829 2078 1740 767 1839 1776 1983 1361 1868 1771 2027 2023 2144 1773 2226 1473 2229 1477 2845 1518 2694 1516 136
431 1511 1276 1204 1598 2075 1808 1212 1920 1869 1685 1551 1860 1425 1837 2079 1745 764 1838 1775 1989 1360 1867 1770 2037 2024 2156 1774 2225 1478 2228 1482 2852 1517 2702 1517 137
433 1509 1285 1199 1599 2082 1817 1209 1933 1869 1693 1550 1868 1423 1849 2080 1752 758 1847 1771 1998 1358 1872 1766 2050 2024 2167 1775 2228 1481 2231 1484 2864 1513 2711 1518 138
431 1511 1280 1203 1593 2090 1810 1214 1926 1875 1687 1553 1861 1427 1848 2082 1743 763 1841 1770 1991 1362 1867 1765 2049 2027 2162 1780 2221 1487 2228 1488 2852 1517 2701 1523 139
432 1510 1286 1201 1595 2101 1819 1212 1926 1879 1695 1552 1867 1427 1857 2084 1748 760 1848 1768 1997 1362 1873 1763 2056 2030 2167 1784 2237 1484 2240 1487 2860 1517 2716 1523 140
433 1507 1294 1195 1608 2102 1827 1208 1928 1881 1711 1545 1870 1425 1859 2086 1755 753 1852 1764 2001 1360 1878 1759 2061 2031 2165 1788 2252 1480 2259 1481 2871 1512 2727 1519 141
431 1510 1290 1200 1603 2109 1824 1211 1919 1888 1706 1549 1865 1430 1853 2090 1751 756 1848 1764 1994 1365 1874 1759 2054 2036 2153 1795 2254 1482 2257 1485 2859 1516 2724 1523 142
432 1508 1295 1196 1611 2110 1831 1206 1927 1888 1707 1550 1869 1429 1855 2092 1757 749 1849 1761 1999 1364 1878 1755 2056 2038 2166 1793 2265 1480 2268 1483 2870 1511 2741 1518 143
432 1506 1296 1197 1618 2114 1831 1206 1935 1888 1703 1555 1869 1429 1854 2095 1756 748 1851 1759 1999 1365 1880 1752 2058 2040 2172 1794 2267 1483 2270 1486 2871 1512 2742 1519 144
431 1508 1295 1201 1618 2120 1829 1210 1942 1890 1698 1563 1867 1432 1857 2098 1753 751 1847 1759 1997 1368 1876 1753 2058 2044 2179 1795 2257 1491 2261 1495 2871 1512 2739 1523 145
433 1505 1302 1198 1620 2125 1841 1205 1954 1889 1698 1567 1876 1430 1869 2098 1764 742 1853 1756 2006 1365 1882 1750 2072 2045 2194 1795 2261 1495 2268 1496 2890 1507 2753 1521 146
434 1505 1306 1198 1621 2132 1843 1206 1958 1893 1697 1571 1881 1430 1876 2101 1764 742 1852 1756 2012 1365 1879 1751 2079 2047 2201 1797 2260 1500 2268 1501 2892 1508 2750 1526 147
432 1507 1306 1202 1617 2139 1841 1210 1952 1899 1699 1573 1876 1435 1873 2106 1757 749 1846 1758 2006 1370 1871 1752 2076 2052 2193 1804 2259 1505 2262 1508 2887 1511 2736 1534 148
435 1505 1312 1200 1627 2140 1854 1205 1952 1904 1713 1569 1884 1433 1876 2109 1769 740 1848 1756 2016 1369 1877 1749 2079 2056 2193 1809 2275 1502 2279 1505 2901 1509 2744 1535 149
435 1504 1317 1199 1641 2139 1859 1204 1946 1910 1718 1569 1886 1434 1874 2113 1769 740 1847 1755 2021 1368 1876 1748 2076 2061 2186 1816 2282 1503 2285 1506 2902 1510 2746 1537 150
434 1504 1315 1202 1645 2140 1859 1204 1936 1916 1711 1576 1883 1437 1861 2118 1764 742 1839 1756 2018 1370 1871 1748 2065 2066 2169 1825 2284 1505 2287 1508 2895 1511 2742 1540 151
435 1503 1324 1197 1653 2141 1871 1198 1939 1919 1714 1578 1891 1434 1861 2122 1772 736 1845 1753 2026 1367 1877 1745 2061 2070 2173 1828 2296 1504 2299 1507 2908 1507 2749 1540 152
436 1502 1325 1198 1654 2146 1875 1197 1942 1922 1708 1586 1889 1438 1857 2125 1772 736 1847 1751 2024 1371 1876 1744 2060 2073 2177 1832 2299 1507 2302 1510 2908 1508 2751 1542 153
435 1503 1326 1199 1652 2149 1872 1199 1948 1924 1699 1594 1887 1441 1856 2127 1768 739 1847 1750 2021 1374 1875 1743 2056 2078 2184 1834 2293 1513 2296 1516 2902 1510 2753 1543 154
436 1503 1330 1199 1654 2153 1882 1197 1962 1925 1701 1600 1893 1441 1865 2129 1776 733 1851 1750 2024 1376 1879 1742 2065 2078 2197 1832 2293 1519 2296 1522 2916 1508 2761 1544 155
437 1502 1332 1201 1647 2159 1880 1201 1966 1929 1700 1603 1888 1446 1867 2130 1777 734 1851 1750 2022 1380 1879 1742 2067 2080 2201 1836 2287 1525 2290 1528 2911 1511 2758 1548 156
437 1503 1331 1204 1641 2164 1878 1205 1961 1936 1705 1604 1883 1452 1866 2133 1774 738 1847 1751 2017 1386 1873 1745 2069 2082 2201 1841 2285 1529 2288 1532 2907 1514 2754 1552 157
438 1502 1336 1204 1645 2166 1883 1204 1961 1940 1715 1605 1889 1453 1868 2135 1778 735 1848 1751 2019 1389 1876 1744 2072 2085 2201 1846 2297 1528 2300 1531 2915 1514 2758 1555 158
439 1501 1337 1205 1649 2166 1881 1208 1951 1947 1715 1609 1887 1456 1866 2137 1778 735 1844 1752 2017 1392 1873 1745 2070 2086 2193 1852 2303 1528 2306 1531 2910 1517 2748 1560 159
438 1503 1336 1209 1649 2169 1879 1212 1942 1954 1709 1616 1882 1462 1863 2140 1775 739 1841 1754 2016 1397 1870 1747 2069 2089 2181 1860 2302 1533 2305 1536 2905 1521 2740 1567 160
438 1502 1341 1205 1652 2169 1883 1210 1941 1957 1703 1623 1886 1460 1867 2140 1778 734 1843 1751 2020 1395 1872 1744 2073 2089 2175 1868 2307 1532 2310 1535 2910 1518 2735 1570 161
439 1502 1344 1208 1651 2171 1886 1212 1939 1959 1696 1633 1886 1465 1869 2143 1775 739 1843 1751 2020 1400 1872 1745 2073 2093 2175 1874 2301 1539 2304 1542 2907 1522 2728 1577 162
437 1503 1342 1210 1645 2174 1882 1215 1940 1960 1689 1639 1883 1467 1865 2145 1770 741 1839 1752 2013 1405 1868 1744 2067 2096 2181 1874 2294 1544 2297 1547 2900 1524 2713 1584 163
438 1502 1348 1207 1644 2175 1891 1211 1949 1961 1696 1641 1885 1469 1864 2148 1774 738 1842 1750 2015 1407 1871 1743 2066 2099 2187 1875 2292 1547 2300 1549 2907 1522 2710 1588 164
439 1503 1350 1209 1638 2179 1890 1216 1946 1966 1702 1643 1884 1473 1856 2153 1775 739 1839 1752 2011 1414 1868 1745 2056 2105 2188 1880 2287 1554 2290 1557 2903 1526 2693 1599 165
438 1504 1348 1212 1630 2182 1883 1221 1939 1971 1703 1648 1875 1479 1840 2158 1768 745 1836 1752 2001 1421 1864 1746 2038 2111 2175 1888 2275 1561 2279 1564 2891 1531 2672 1608 166
439 1505 1353 1212 1632 2185 1890 1222 1934 1978 1707 1652 1877 1482 1832 2164 1773 743 1837 1753 2000 1426 1865 1746 2025 2117 2168 1895 2279 1564 2282 1568 2899 1531 2665 1614 167
438 1504 1351 1215 1632 2185 1887 1225 1925 1985 1698 1660 1868 1488 1817 2168 1769 747 1836 1752 1990 1433 1861 1747 2007 2122 2156 1902 2276 1568 2279 1571 2893 1533 2650 1620 168
437 1505 1349 1217 1632 2184 1884 1228 1913 1992 1690 1668 1862 1492 1811 2169 1764 749 1832 1753 1983 1437 1857 1747 1997 2123 2140 1909 2277 1568 2280 1571 2887 1534 2634 1625 169
436 1507 1350 1218 1635 2184 1886 1229 1909 1996 1688 1674 1857 1497 1811 2169 1765 749 1829 1754 1977 1442 1857 1747 1997 2123 2132 1915 2279 1570 2282 1573 2887 1535 2630 1628 170
436 1507 1349 1221 1637 2183 1883 1233 1902 2000 1682 1681 1852 1502 1807 2168 1761 753 1822 1756 1971 1447 1851 1750 1996 2123 2127 1919 2280 1571 2283 1574 2881 1536 2625 1630 171
435 1509 1347 1224 1637 2183 1881 1236 1901 2003 1676 1687 1846 1507 1805 2167 1757 755 1815 1758 1965 1452 1843 1751 1994 2121 2125 1922 2276 1574 2280 1577 2874 1538 2614 1633 172
436 1508 1349 1225 1637 2183 1886 1236 1908 2006 1682 1689 1848 1508 1804 2166 1757 756 1816 1758 1963 1456 1844 1752 1993 2120 2131 1923 2278 1576 2281 1578 2875 1539 2609 1635 173
435 1509 1350 1226 1634 2183 1888 1237 1906 2008 1681 1692 1845 1511 1800 2165 1754 759 1817 1756 1960 1458 1846 1749 1992 2119 2128 1925 2271 1580 2274 1583 2863 1543 2598 1638 174
434 1511 1351 1228 1631 2183 1890 1239 1902 2011 1682 1697 1844 1514 1800 2165 1750 762 1817 1756 1962 1460 1845 1749 1991 2118 2127 1928 2260 1587 2263 1590 2863 1543 2583 1643 175
434 1511 1353 1229 1631 2183 1891 1240 1897 2015 1677 1704 1845 1515 1802 2164 1750 762 1819 1754 1963 1461 1848 1747 1990 2117 2121 1932 2253 1592 2256 1595 2858 1546 2573 1646 176
434 1512 1352 1233 1628 2183 1888 1243 1884 2020 1669 1712 1843 1518 1795 2164 1746 765 1822 1752 1961 1464 1847 1747 1983 2118 2105 1938 2242 1598 2245 1601 2852 1548 2563 1650 177
433 1513 1351 1236 1626 2184 1886 1247 1870 2026 1666 1717 1841 1521 1789 2164 1742 769 1824 1750 1959 1467 1853 1743 1976 2118 2088 1944 2238 1600 2241 1603 2847 1550 2558 1651 178
432 1512 1352 1237 1635 2182 1886 1247 1865 2028 1667 1718 1841 1521 1780 2165 1742 768 1833 1746 1963 1466 1861 1738 1968 2118 2078 1948 2242 1598 2245 1601 2845 1549 2556 1650 179
432 1514 1350 1240 1640 2181 1884 1250 1859 2029 1667 1722 1839 1523 1768 2166 1738 771 1836 1744 1956 1470 1864 1737 1955 2120 2074 1948 2242 1598 2245 1601 2845 1549 2546 1653 180
431 1515 1351 1240 1645 2179 1881 1253 1858 2029 1663 1726 1836 1526 1753 2168 1734 774 1838 1742 1953 1472 1867 1735 1938 2122 2077 1946 2241 1597 2244 1600 2844 1548 2535 1655 181
431 1515 1352 1241 1649 2178 1886 1252 1864 2027 1660 1731 1834 1528 1704 2184 1737 771 1841 1741 1951 1475 1870 1734 1873 2143 2082 1943 2245 1595 2248 1599 2850 1546 2525 1657 182
430 1516 1350 1244 1649 2178 1877 1260 1864 2027 1657 1736 1825 1535 1701 2184 1729 776 1835 1744 1945 1480 1864 1737 1866 2143 2081 1942 2241 1597 2244 1600 2844 1548 2499 1664 183
429 1516 1348 1246 1646 2178 1874 1263 1863 2026 1648 1742 1820 1538 1701 2184 1729 776 1825 1747 1939 1484 1856 1738 1866 2143 2076 1941 2235 1597 2238 1600 2837 1549 2481 1666 184
429 1517 1350 1248 1649 2178 1876 1265 1862 2025 1648 1746 1822 1541 1704 2184 1729 776 1823 1749 1941 1487 1854 1740 1869 2143 2075 1940 2235 1597 2234 1602 2838 1549 2479 1664 185
428 1518 1348 1250 1647 2178 1873 1268 1852 2027 1647 1749 1817 1545 1704 2183 1725 778 1819 1749 1935 1491 1850 1741 1869 2143 2063 1942 2226 1600 2229 1603 2832 1551 2467 1664 186
427 1517 1351 1249 1646 2178 1877 1266 1845 2027 1648 1750 1815 1548 1703 2183 1724 778 1819 1749 1936 1492 1850 1740 1868 2142 2051 1943 2224 1598 2223 1603 2831 1550 2458 1662 187
428 1518 1355 1248 1647 2179 1882 1265 1836 2029 1650 1752 1816 1549 1704 2183 1727 774 1825 1746 1938 1494 1853 1739 1869 2143 2041 1946 2219 1599 2222 1602 2831 1550 2451 1662 188
425 1519 1353 1250 1642 2180 1878 1267 1822 2030 1648 1753 1814 1552 1699 2184 1719 780 1824 1746 1935 1496 1855 1737 1863 2143 2025 1947 2209 1600 2212 1603 2824 1551 2438 1662 189
425 1519 1356 1249 1645 2179 1882 1266 1818 2029 1651 1753 1815 1553 1699 2184 1722 776 1827 1744 1937 1498 1858 1736 1865 2142 2023 1945 2212 1598 2215 1600 2829 1549 2436 1659 190
426 1518 1356 1249 1643 2180 1884 1267 1822 2026 1650 1755 1817 1554 1696 2185 1722 776 1834 1742 1935 1501 1865 1734 1863 2143 2024 1942 2210 1596 2214 1599 2829 1549 2434 1657 191
425 1518 1356 1249 1635 2182 1879 1268 1820 2021 1647 1756 1811 1558 1691 2186 1716 777 1836 1740 1928 1505 1868 1732 1854 2145 2027 1937 2208 1594 2207 1599 2822 1549 2426 1655 192
425 1518 1359 1248 1631 2183 1884 1267 1826 2016 1649 1758 1809 1561 1687 2188 1719 773 1850 1736 1927 1509 1881 1727 1848 2147 2031 1932 2211 1591 2214 1594 2827 1547 2428 1652 193
425 1517 1360 1249 1629 2184 1881 1270 1827 2013 1650 1759 1805 1566 1684 2188 1719 773 1859 1732 1922 1514 1891 1724 1846 2147 2028 1930 2214 1589 2217 1591 2827 1547 2417 1653 194
425 1519 1358 1252 1627 2185 1879 1273 1815 2013 1651 1760 1797 1572 1680 2190 1715 776 1863 1732 1914 1521 1895 1723 1840 2149 2016 1931 2209 1589 2212 1592 2822 1549 2400 1655 195
425 1519 1361 1250 1631 2186 1884 1272 1810 2011 1654 1759 1799 1575 1680 2190 1719 773 1873 1728 1916 1523 1902 1720 1843 2148 2010 1929 2212 1587 2215 1589 2827 1546 2393 1654 196
425 1517 1362 1251 1634 2186 1884 1273 1801 2010 1657 1759 1798 1578 1683 2190 1718 772 1876 1727 1914 1526 1906 1720 1843 2148 2000 1928 2211 1586 2214 1588 2832 1543 2389 1650 197
425 1518 1362 1251 1632 2187 1885 1274 1791 2011 1653 1761 1790 1584 1681 2191 1717 771 1873 1728 1905 1533 1902 1721 1843 2148 1991 1928 2206 1587 2209 1589 2831 1543 2381 1648 198
425 1517 1365 1250 1633 2188 1888 1271 1791 2008 1650 1763 1788 1587 1683 2190 1720 768 1873 1728 1904 1536 1902 1721 1843 2148 1997 1921 2209 1584 2207 1588 2835 1539 2381 1643 199
426 1516 1368 1248 1634 2188 1893 1270 1793 2003 1643 1767 1784 1592 1684 2191 1719 767 1870 1729 1902 1540 1900 1723 1844 2149 2006 1913 2203 1584 2206 1587 2834 1538 2377 1640 200
425 1517 1369 1249 1632 2189 1893 1270 1796 1998 1635 1771 1786 1593 1680 2193 1719 767 1863 1732 1901 1544 1893 1726 1842 2150 2005 1917 2198 1585 2201 1588 2834 1538 2365 1639 201
427 1515 1374 1245 1635 2189 1897 1268 1802 1993 1638 1770 1794 1592 1683 2192 1726 760 1867 1731 1907 1544 1900 1723 1843 2151 2010 1909 2201 1582 2204 1585 2838 1534 2353 1640 202
427 1515 1377 1243 1633 2191 1901 1266 1798 1989 1641 1770 1800 1593 1681 2194 1725 759 1871 1730 1912 1545 1904 1723 1841 2153 2006 1905 2200 1581 2199 1586 2843 1532 2338 1643 203
427 1515 1377 1243 1632 2192 1902 1267 1787 1987 1642 1770 1803 1596 1681 2196 1725 759 1874 1730 1915 1547 1908 1722 1840 2155 2002 1901 2196 1582 2198 1585 2842 1531 2327 1644 204
428 1514 1382 1239 1635 2192 1905 1265 1783 1983 1648 1768 1805 1598 1682 2198 1728 755 1881 1727 1918 1549 1915 1720 1841 2156 1999 1898 2198 1580 2202 1582 2847 1528 2325 1643 205
429 1513 1382 1239 1633 2194 1906 1265 1779 1979 1649 1769 1801 1603 1681 2199 1728 755 1885 1726 1913 1555 1916 1720 1837 2159 1996 1895 2202 1578 2205 1580 2847 1528 2324 1641 206
429 1513 1384 1237 1631 2194 1910 1263 1777 1974 1650 1770 1794 1610 1678 2202 1731 752 1892 1725 1909 1561 1924 1719 1836 2161 1999 1890 2206 1575 2209 1578 2852 1525 2327 1639 207
431 1511 1386 1235 1629 2195 1913 1261 1778 1967 1651 1771 1790 1615 1676 2203 1734 748 1903 1722 1904 1566 1934 1715 1832 2163 2006 1883 2214 1572 2216 1574 2863 1520 2326 1637 208
431 1511 1386 1234 1628 2197 1913 1261 1782 1961 1650 1774 1789 1618 1674 2204 1734 747 1911 1720 1900 1572 1945 1712 1829 2164 2012 1876 2217 1569 2221 1572 2863 1519 2320 1637 209
431 1511 1385 1234 1628 2197 1917 1259 1787 1954 1651 1775 1790 1619 1671 2205 1732 746 1921 1717 1901 1573 1956 1708 1826 2165 2014 1870 2217 1569 2219 1571 2868 1517 2313 1637 210
433 1509 1390 1229 1632 2198 1924 1254 1792 1949 1658 1774 1795 1620 1674 2204 1739 739 1932 1713 1906 1573 1967 1705 1829 2164 2018 1865 2220 1567 2223 1569 2874 1514 2311 1635 211
433 1509 1389 1228 1634 2197 1924 1254 1786 1946 1661 1773 1794 1623 1676 2203 1735 741 1936 1712 1905 1576 1968 1706 1831 2162 2011 1862 2216 1568 2219 1571 2866 1515 2309 1633 212
433 1509 1393 1223 1637 2197 1924 1254 1782 1942 1661 1773 1790 1628 1678 2202 1738 737 1937 1713 1900 1581 1969 1707 1833 2161 2000 1861 2216 1568 2219 1571 2867 1516 2303 1633 213
435 1507 1398 1219 1640 2197 1928 1252 1766 1942 1667 1771 1789 1632 1680 2201 1741 734 1935 1716 1899 1585 1971 1709 1836 2160 1994 1859 2216 1568 2219 1571 2873 1514 2301 1631 214
435 1507 1401 1217 1637 2197 1932 1250 1756 1939 1670 1770 1781 1638 1677 2202 1741 733 1932 1718 1895 1590 1965 1712 1835 2159 1980 1859 2212 1570 2215 1572 2872 1513 2291 1633 215
435 1507 1402 1214 1630 2199 1932 1250 1752 1936 1675 1768 1781 1641 1672 2203 1744 730 1926 1721 1897 1593 1962 1714 1829 2161 1976 1855 2212 1570 2215 1572 2877 1510 2277 1636 216
436 1507 1401 1213 1623 2200 1932 1250 1751 1935 1678 1767 1786 1642 1666 2205 1744 730 1924 1724 1899 1595 1959 1716 1823 2162 1976 1851 2216 1568 2215 1572 2877 1510 2263 1640 217
436 1506 1402 1209 1622 2199 1935 1247 1754 1931 1678 1766 1787 1643 1661 2204 1742 728 1927 1722 1901 1596 1963 1715 1822 2160 1982 1844 2216 1568 2218 1570 2881 1506 2253 1642 218
436 1506 1402 1209 1618 2199 1936 1248 1758 1927 1678 1767 1787 1647 1663 2203 1746 725 1933 1723 1904 1599 1968 1715 1822 2160 1983 1840 2221 1567 2223 1569 2886 1503 2254 1643 219
437 1505 1400 1208 1620 2197 1935 1247 1755 1924 1672 1769 1782 1651 1667 2200 1745 724 1937 1723 1898 1603 1972 1714 1823 2159 1979 1837 2221 1567 2223 1569 2885 1502 2257 1640 220
437 1505 1399 1206 1623 2195 1935 1247 1747 1923 1667 1771 1775 1657 1668 2199 1745 724 1942 1722 1890 1610 1977 1715 1825 2156 1970 1837 2221 1567 2223 1569 2883 1500 2257 1640 221
436 1506 1396 1208 1623 2195 1935 1247 1733 1925 1664 1772 1765 1664 1667 2198 1745 724 1944 1724 1879 1618 1979 1717 1826 2155 1955 1840 2218 1570 2221 1572 2883 1500 2258 1641 222
437 1505 1394 1206 1621 2193 1938 1244 1725 1924 1668 1769 1762 1666 1666 2197 1748 720 1952 1723 1879 1618 1987 1715 1828 2153 1945 1839 2218 1570 2221 1573 2888 1497 2269 1635 223
437 1505 1391 1208 1616 2194 1938 1244 1717 1924 1670 1766 1761 1669 1663 2196 1749 721 1958 1724 1881 1620 1992 1715 1822 2154 1937 1840 2216 1574 2218 1576 2887 1496 2279 1633 224
437 1505 1390 1207 1608 2194 1938 1244 1716 1923 1668 1765 1762 1670 1656 2196 1745 724 1959 1725 1882 1620 1993 1716 1812 2155 1936 1838 2212 1576 2211 1581 2886 1495 2280 1634 225
436 1506 1389 1206 1599 2194 1938 1244 1718 1921 1669 1762 1765 1669 1650 2196 1744 723 1961 1727 1886 1619 1995 1718 1803 2156 1937 1836 2209 1578 2208 1583 2885 1494 2280 1634 226
436 1506 1388 1205 1595 2193 1938 1244 1720 1919 1674 1759 1766 1670 1647 2196 1744 723 1963 1728 1887 1620 1997 1719 1802 2155 1940 1834 2207 1582 2206 1587 2884 1493 2276 1636 227
434 1507 1387 1204 1592 2192 1933 1245 1715 1918 1670 1759 1764 1672 1643 2195 1740 726 1957 1732 1880 1623 1991 1723 1800 2153 1938 1832 2200 1587 2198 1591 2876 1493 2263 1640 228
434 1508 1386 1203 1589 2193 1929 1247 1712 1919 1666 1759 1758 1675 1640 2194 1740 726 1954 1734 1874 1627 1988 1725 1801 2150 1934 1832 2197 1589 2196 1594 2869 1495 2247 1647 229
434 1508 1385 1202 1590 2191 1929 1247 1705 1919 1660 1761 1750 1680 1639 2193 1740 726 1952 1737 1868 1631 1986 1728 1797 2150 1926 1834 2199 1591 2198 1596 2868 1494 2226 1655 230
433 1509 1382 1204 1587 2191 1925 1249 1696 1921 1654 1762 1739 1686 1635 2193 1736 729 1951 1740 1856 1637 1984 1731 1791 2150 1916 1836 2197 1595 2199 1597 2862 1496 2202 1664 231
433 1509 1381 1203 1584 2191 1925 1249 1692 1921 1642 1766 1731 1691 1627 2193 1736 729 1949 1743 1847 1642 1983 1734 1781 2151 1912 1837 2199 1596 2201 1599 2861 1495 2177 1672 232
433 1509 1378 1205 1576 2191 1922 1252 1691 1921 1636 1768 1720 1697 1619 2194 1736 729 1948 1747 1836 1649 1982 1738 1770 2152 1911 1836 2201 1598 2203 1600 2861 1495 2164 1676 233
431 1511 1375 1206 1566 2192 1914 1256 1690 1920 1631 1770 1709 1703 1609 2195 1729 736 1947 1749 1821 1657 1980 1741 1758 2153 1910 1835 2198 1601 2196 1605 2855 1497 2151 1679 234
431 1511 1374 1205 1563 2192 1914 1256 1693 1918 1629 1772 1701 1707 1605 2194 1729 736 1952 1750 1812 1662 1986 1741 1751 2153 1916 1832 2200 1603 2198 1607 2855 1497 2142 1681 235
431 1511 1371 1206 1559 2191 1911 1258 1694 1916 1622 1774 1695 1709 1601 2193 1728 735 1959 1747 1805 1664 1993 1739 1746 2152 1914 1831 2193 1607 2195 1610 2848 1498 2132 1681 236
429 1513 1364 1210 1555 2189 1906 1260 1691 1916 1617 1776 1686 1712 1592 2193 1720 741 1960 1748 1795 1667 1990 1741 1741 2150 1910 1831 2186 1612 2189 1614 2841 1500 2111 1687 237
428 1514 1361 1211 1551 2188 1907 1261 1687 1916 1614 1777 1680 1715 1590 2191 1719 740 1961 1750 1785 1671 1991 1742 1740 2149 1906 1831 2180 1617 2183 1619 2836 1502 2091 1693 238
428 1514 1360 1210 1546 2187 1906 1260 1683 1916 1611 1777 1673 1716 1588 2189 1718 739 1964 1748 1775 1675 1999 1740 1734 2147 1901 1830 2178 1620 2176 1624 2834 1501 2074 1697 239
427 1515 1360 1209 1539 2187 1903 1263 1677 1918 1603 1781 1662 1721 1578 2190 1711 746 1962 1751 1760 1681 1997 1742 1726 2148 1894 1832 2168 1627 2171 1629 2829 1503 2062 1700 240
427 1517 1359 1209 1528 2187 1903 1263 1676 1917 1604 1782 1653 1724 1569 2190 1711 745 1960 1753 1744 1687 1994 1744 1714 2149 1889 1832 2166 1630 2168 1632 2829 1503 2058 1701 241
427 1517 1359 1208 1522 2187 1899 1265 1673 1917 1604 1782 1649 1724 1561 2190 1711 745 1961 1754 1734 1690 1994 1745 1707 2148 1885 1832 2167 1632 2169 1633 2828 1503 2048 1702 242
426 1520 1354 1213 1514 2187 1896 1267 1670 1917 1602 1783 1643 1726 1553 2190 1707 749 1956 1758 1727 1692 1992 1747 1697 2148 1877 1833 2169 1633 2172 1636 2823 1506 2036 1704 243
423 1523 1350 1214 1515 2183 1896 1267 1666 1917 1596 1785 1649 1720 1550 2187 1702 751 1953 1760 1722 1691 1984 1753 1692 2146 1871 1831 2170 1634 2172 1636 2816 1506 2018 1706 244
422 1527 1347 1215 1515 2180 1892 1269 1663 1918 1594 1787 1642 1721 1550 2185 1702 751 1952 1763 1715 1692 1983 1756 1689 2143 1864 1832 2172 1636 2173 1637 2817 1507 2002 1710 245
418 1531 1338 1220 1508 2179 1888 1271 1657 1919 1589 1789 1635 1722 1545 2182 1698 753 1949 1765 1704 1694 1980 1758 1683 2140 1854 1832 2172 1636 2170 1640 2810 1508 1984 1712 246
416 1536 1330 1225 1500 2179 1888 1271 1653 1919 1579 1793 1622 1725 1538 2182 1694 756 1947 1768 1694 1696 1981 1759 1676 2139 1846 1832 2169 1638 2167 1642 2810 1508 1978 1711 247
415 1537 1327 1226 1494 2176 1888 1271 1649 1918 1577 1795 1609 1728 1531 2180 1697 753 1948 1768 1683 1698 1982 1760 1668 2138 1840 1830 2166 1641 2169 1643 2811 1509 1969 1711 248
414 1538 1321 1230 1482 2177 1884 1273 1642 1919 1567 1799 1596 1730 1522 2179 1690 759 1943 1772 1669 1700 1976 1764 1656 2138 1831 1830 2160 1646 2162 1648 2805 1511 1953 1714 249
413 1540 1318 1231 1479 2174 1881 1275 1638 1918 1569 1798 1590 1728 1518 2178 1689 758 1943 1773 1659 1699 1977 1765 1651 2137 1822 1829 2161 1647 2159 1651 2805 1511 1937 1718 250
414 1539 1317 1230 1481 2171 1885 1274 1636 1916 1570 1796 1586 1724 1524 2179 1693 755 1947 1772 1655 1695 1978 1765 1651 2134 1820 1827 2166 1646 2165 1650 2811 1509 1926 1721 251
415 1539 1310 1232 1477 2165 1881 1276 1625 1912 1548 1805 1569 1723 1472 2188 1684 760 1941 1775 1638 1695 1972 1769 1646 2129 1805 1825 2163 1649 2166 1651 2801 1514 1907 1725 252
